153431
317167
970521
570255
679048
334124
253285
665507
809805
719486
637800
990722
644914
870910
208333
473452
423268
749876
964333
429881
861520
789318
590673
522674
758598
915378
476564
842293
686124
473662
999064
317340
846378
942968
923360
712437
765412
510740
792589
126345
594431
442345
463042
812226
824226
989930
296754
300907
768902
363532
442175
142524
733674
519584
373149
410863
896362
114064
614624
248630
123696
472860
528300
936988
804911
152342
449603
985254
474129
204178
995160
546715
439017
247922
275473
704333
739199
813963
810483
133621
939119
784270
475032
894947
903318
813305
521386
152531
462312
520243
922568
676810
549130
881235
896775
503074
477234
783065
641695
744713
517982
675781
839706
263362
904710
774487
973585
998464
880819
156977
168870
518273
521317
488402
969209
549397
988946
488989
652214
162743
548463
173436
468825
717803
169289
833227
340918
581407
112757
637398
462105
162979
937171
347645
498001
757124
805349
407887
537748
439583
168193
499649
655730
852663
431140
481680
863710
737882
895336
708213
582412
694411
472793
906858
552416
207298
597079
656137
159184
824097
500984
135157
523619
577193
560678
301280
558062
199957
916238
848665
637067
587031
102641
128781
260237
505089
247463
564512
899390
930160
470591
641893
159331
603466
831359
358624
193855
529259
444335
480720
514646
844382
847070
124929
132008
680394
713014
554223
560077
223801
466867
998636
234714
392950
338094
344954
314228
695787
663498
114421
613557
418496
755172
739732
590633
864670
287852
289161
297986
321830
576770
418774
869774
461040
380670
248482
777717
661332
264169
702655
687386
850512
379655
682177
433970
215990
831391
383396
402235
713342
784599
126560
759340
497648
766138
447338
720002
669509
751413
872702
683997
404672
359778
836940
290894
337121
470741
102768
136140
722084
285047
439539
754027
677589
115818
147892
271978
582140
480931
437807
812724
829630
361082
973943
216089
830185
142977
996686
613497
994593
961665
908243
839002
848518
789991
212376
263743
123059
709254
249590
948055
631633
763979
645302
627707
824832
361916
503871
257389
675284
677643
562733
826984
367076
250326
745957
349732
787781
508121
292535
683662
723622
139908
205398
496078
969251
508794
540573
783451
433752
652978
276003
520005
172408
267118
579717
873739
163564
279575
523382
257500
636692
312425
571497
568877
844281
958872
704528
293319
869829
732173
553028
976656
821229
873954
776494
405187
765294
506135
677994
387230
611703
840661
419499
768604
392201
534269
806959
232539
727692
153401
286606
910646
821729
182537
486362
946638
650766
542971
464783
611452
160325
435495
755817
823041
325756
884849
849599
942572
540889
555561
280143
224596
743831
332530
549850
848165
186016
265968
382632
178035
549800
611376
165027
399440
482755
453364
623675
192836
267847
313617
703504
346889
920340
784531
804350
175808
203902
828366
977934
984279
228062
619859
804177
775642
340617
217196
796987
903371
824741
887695
156455
784953
252622
596747
686152
290457
219689
246926
695884
480589
802111
334327
550362
453902
642010
453002
723707
891967
197901
575979
561359
268314
822111
204987
919847
859263
715518
152867
428092
372307
276193
181456
543448
767828
268634
470291
157812
591391
327020
782455
489165
776623
538056
379239
718745
301451
772039
109707
636174
975581
247220
279820
908040
695049
628284
842938
953827
753030
703180
866927
112574
728567
707652
898786
785958
951843
202973
223472
736428
191168
901143
639679
532921
980669
505980
638731
306623
230885
283619